98.61313289618899, 2.185884822791326
97.87867965644035, 102.12132034355965
97.12277319488203, 4.469613054010319
95.72277731929293, 104.20655970546227
95.5253260099848, 6.848976499930991
93.53308727260949, 106.25501679809025
93.81710352254639, 9.321680551177769
91.31042370850035, 108.2660154709213
91.99434263758367, 11.885307905132308
89.0556196593187, 110.23890543597533
90.05323304393924, 14.537281261420683
86.76952589631433, 112.17306293455036
87.98995825274167, 17.274825912789456
84.45300979864811, 114.06789134350102
85.8007526690765, 20.094933837901824
82.10695419675939, 115.9228217196163
83.48197817659772, 22.99433183957861
79.73225619415348, 117.73731328096318
81.03022398543315, 25.969457510441494
77.32982597172305, 119.51085382437442
78.44243345446989, 29.016448373375034
74.9005855787376, 121.24296007857131
75.7160610298423, 32.13115140841594
72.44546771462849, 122.93317799272202
72.84926106040741, 35.30916221222647
69.96541450566433, 124.58108296054114
69.84110774612715, 38.545904953353315
67.46137628055348, 126.18627998033347
66.6918415847772, 41.836765579503144
64.93431034892865, 127.74840375167331
63.40313234381022, 45.17729065081829
62.385179786563626, 129.26711870968654
59.97834215308231, 48.56346178378652
59.81495223104658, 130.7421189981656
56.42276580630483, 51.99205010827117
57.22459869148867, 132.17312838299466
52.743820593843004, 55.46104596239569
54.61509237568404, 133.55990010759305
48.951157438467376, 58.97014695014983
51.98740753795835, 134.90221669229754
45.05667126199102, 62.52127472803376
49.342518350750744, 136.199889679797
41.074402789160054, 66.11908134114901
46.68139780277018, 137.45275932890752
37.020345566089475, 69.77140420342437
44.005016626353516, 138.66069425912858
32.91219730911484, 73.48963851337473
41.314342256432106, 139.82359104855362
28.769118591915362, 77.28901774184908
38.61033782328715, 140.94137378782023
24.611579922462337, 81.18882392016761
35.89396118104487, 142.0139935928761
20.46138991576108, 85.21258456143228
33.166163973631264, 143.04142807940755
16.342008156334174, 89.38834770257091
30.427890739676062, 144.0236808018285
12.279269539148487, 93.74916067415134
27.680078057626922, 144.96078065975874
8.302705139248292, 98.3339189719644
24.923653732110374, 145.85278127493396
4.447778818034798, 103.18881591951364
22.159536022356846, 146.69976034148547
0.759653960184556, 108.36974261759778
19.38863291329419, 147.50181895250643
-2.700233287894617, 113.946215915968
16.61184142970929, 148.25908090578523
-5.8419284686054915, 120.00784449615013
13.83004699368102, 148.97169199153632
-8.52193413466836, 126.67508899863124
11.044122825301459, 149.6398192648951
-10.485265093593213, 134.11671107110888
8.254929386526062, 150.2636503058686
-11.206252028298856, 142.56996260466684
5.463313867828454, 150.84339246934815
-9.336980196696118, 152.2581631662966
2.670109717181882, 151.37927212769537
-0.5842067173841645, 161.3998062518778
-0.12386378925255492, 151.87153390831094
8.699003940188584, 159.52684066788356
-2.9178019354806652, 152.3204399284857
13.432984986340177, 154.79399707176077
-5.710914913940635, 152.72626902972036
15.481850503687303, 149.73025445469824
-8.502428134652853, 153.0893160135802
15.837710181632836, 144.8590872178387
-11.291582496321855, 153.40989088103058
15.009697416354795, 140.31263501539354
-14.077634620540685, 153.68831807707414
13.28994323692998, 136.1238561765414
-16.85985705031916, 153.9249357423867
10.86255695765195, 132.2966064928314
-19.63753841421788, 154.12009497352292
7.852321140358542, 128.8265133492004
-22.409983557419608, 154.27415909313854
4.348878456654365, 125.70816756775062
-25.176513641109565, 154.3875029315533
0.41987251922359237, 122.93790024793698
-27.936466211566447, 154.46051212085703
-3.8813685809755474, 120.51501686586397
-30.689195240387523, 154.4935824026431
-8.51105781355507, 118.44249822713469
-33.434071137284256, 154.48711895033912
-13.431821722632783, 116.72755972022466
-36.170480736890234, 154.44153570699157
-18.610541428257918, 115.3822373091549
-38.89782726102141, 154.3572547392555
-24.0167569842423, 114.42409033403223
-41.61553025782035, 154.2347056082357
-29.621350795341762, 113.87709840109065
-44.32302551920182, 154.07432475772833
-35.395259366126076, 113.77285937802854
-47.01976497799736, 153.8765549203176
-41.30792942871292, 114.15226653537655
-49.70521658617207, 153.641844541694
-47.32511884959496, 115.06796818910996
-52.378864175457906, 153.37064722347634
-53.40537331648379, 116.58812648541985
-55.040207301715476, 153.06342118474151
-59.4938904008329, 118.80236770754456
-57.68876107430044, 152.72062874239305
-65.51097868679275, 121.83150545921315
-60.32405597167224, 152.34273581042993
-71.32834353061313, 125.84386394496231
-62.94563764444212, 151.93021141811508
-76.71464387496489, 131.0827506754587
-65.55306670701472, 151.48352724698384
-81.19147586056708, 137.90649954713425
-68.14591851893343, 151.00315718657933
-83.58322209768174, 146.76996540528128
-70.72378295699453, 150.48957690875284
-80.5970322006808, 157.15352881174258
-73.28626417914919, 149.94326346032287
-70.84340755991224, 160.84859357864804
-75.8329803811659, 149.3646948738465
-63.61855574832752, 158.66382943808532
-78.36356354697928, 148.75434979622096
-59.010706731676045, 154.67996894346112
-80.87765919360498, 148.11270713480133
-56.22709314423961, 150.1102443806129
-83.3749261114538, 147.4402457206923
-54.767219844231654, 145.37254100296187
-85.85503610083269, 146.7374439888475
-54.324465343736534, 140.64135825188328
-88.31767370537546, 146.00477967458843
-54.69991918685111, 136.00073522852924
-90.76253594310153, 145.24272952613762
-55.756958772787954, 131.4960611818684
-93.18933203575826, 144.45176903274523
-57.39714346886873, 127.1547124405439
-95.59778313706016, 143.63237216797637
-59.54670643000724, 122.99536951933844
-97.98762206039763, 142.78501114771646
-62.14855770368733, 119.03268113853635
-100.35859300654815, 141.91015620244514
-65.15732114962601, 115.27982943229057
-102.71045129188488, 141.00827536332386
-68.53613195714435, 111.75008286164751
-105.04296307754072, 140.07983426163915
-72.25450129358468, 108.45784201389495
-107.35590509995046, 139.12529594114284
-76.28684663839947, 105.41943593934265
-109.64906440315998, 138.1451206828303
-80.61143894452552, 102.65381885172981
-111.92223807325895, 137.13976584170047
-85.20959901817874, 100.18327463389363
-114.17523297526253, 136.10968569504408
-90.06501736361622, 98.03422987130304
-116.40786549273814, 135.0553313018118
-95.16308779897261, 96.23829433740099
-118.6199612704455, 133.97715037261892
-100.49013710715253, 94.8336912967356
-120.81135496023147, 132.87558714995058
-106.03239059349944, 93.86731988830194
-122.98188997039622, 131.75108229813858
-111.77440696802219, 93.39783615829663
-125.13141821872358, 130.60407280268902
-117.69647232407686, 93.50040800239346
-127.25979988934584, 129.4349918785492
-123.76987523389539, 94.27432015026056
-129.36690319359263, 128.24426888691133
-129.9475734982715, 95.85565630423852
-131.45260413495353, 127.03232926016045
-136.14390118304914, 98.43946294229195
-133.5167862782654, 125.79959443458463
-142.18500256009952, 102.32011481810343
-135.5593405232188, 124.5464817904752
-147.66856800005522, 107.96330263886834
-137.58016488226068, 123.27340459925642
-151.491289957344, 116.0727277562351
-139.57916426295668, 121.98077197729438
-150.2252035557411, 126.67853621561744
-141.55625025486137, 120.66898884604596
-141.55302902316217, 132.14727856957205
-143.5113409209325, 119.33845589822005
-133.7614856839097, 131.71034165836858
-145.44436059351298, 117.98956956963404
-127.94603095106484, 128.90896090939412
-147.35523967489354, 116.62272201645992
-123.71049433023576, 125.0724413319233
-149.24391444245845, 115.23830109756494
-120.69869046219948, 120.73287858509404
-151.11032685840763, 113.83669036166326
-118.66552329845865, 116.14163235055537
-152.95442438404004, 112.41826903900515
-117.44214620449509, 111.43426767658238
-154.77615979857475, 110.98341203734145
-116.90838365733374, 106.69197975717132
-156.57549102247984, 109.53248994191107
-116.97581221363947, 101.96794460701986
-158.3523809452722, 108.06586901920981
-117.57751661740387, 97.29997530677748
-160.10679725774574, 106.58391122430871
-118.66172657082419, 92.7171829155422
-161.8387122885802, 105.08697421149975
-120.18773828799885, 88.24376684888635
-163.54810284527798, 103.57541134805679
-122.12322299211355, 83.90133450307341
-165.2349500593723, 102.04957173090838
-124.44240446619075, 79.71043334621808
-166.89923923584638, 100.50980020602857
-127.12479608771915, 75.69165839748106
-168.5409597067, 98.95643739036032
-130.154305072996, 71.86654830780502
-170.1601046885966, 97.38981969609507
-133.51857955177164, 68.25841391691051
-171.7566711445223, 95.8102793571398
-137.20851368306316, 64.89321644746848
-173.3306596493858, 94.21814445761134
-141.21784735144703, 61.80061363613032
-174.882074259486, 92.61373896220513
-145.5428032458189, 59.01531886003052
-176.41092238577326, 90.99738274829335
-150.18169242730085, 56.578978881927114
-177.9172146708291, 89.36939163961435
-155.134377776235, 54.542892635177125
-179.4009648694875, 87.73007744142231
-160.40138092534104, 52.9721156722542
-180.86218973302124, 86.07974797697284
-165.9821686663481, 51.9519299009194
-182.30090889681568, 84.41870712522642
-171.8715266153374, 51.59855087705729
-183.7171447714522, 82.7472548596581
-178.05121184254918, 52.077883358487846
-185.1109224371239, 81.06568728806747
-184.46883854520974, 53.640583065947084
-186.48226954130544, 79.37429669328883
-190.97751925430023, 56.69201936703821
-187.8312161996006, 77.6733715747068
-197.13257617439467, 61.93336703406211
-189.1577948996895, 75.96319669048799
-201.36782251228087, 70.50585934738494
-190.46204040830034, 74.2440531004441
-198.46496597539212, 81.51072469750986
-191.74398968112905, 72.51621820944702
-190.79412117997984, 86.15335581185396
-193.00368177563234, 70.77996581132047
-183.69224254794713, 86.68322499553001
-194.2411577666202, 69.03556613313783
-177.78219406603543, 85.17222336457816
-195.45646066457445, 67.28328587985928
-172.96031194797942, 82.5252315135901
-196.6496353366213, 65.52338827924576
-169.06936488279692, 79.18074402084721
-197.82072843008697, 63.75613312699116
-165.98019331440284, 75.3800099154752
-198.96978829856644, 61.981776832017154
-163.5944044521234, 71.27003667927906
-200.09686493043634, 60.20057246187942
-161.83754961850286, 66.94806382861964
-201.20200987974474, 58.41276978823646
-160.6529381498759, 62.48301868445837
-202.2852761994114, 56.61861533233592
-159.99715551340284, 57.926864333489526
-203.34671837667352, 54.81835241047593
-159.83696633555488, 53.32108611746511
-204.38639227071306, 53.01222117940204
-160.14719537111847, 48.700668569610905
-205.4043550524036, 51.20045868160286
-160.90928336116454, 44.09671177802444
-206.40066514611533, 49.383298890470144
-162.11031498210681, 39.538296424029255
-207.37538217351866, 47.56097275529142
-163.74238804451312, 35.05395191652224
-208.32856689932774, 45.73370824604557
-165.80224200699925, 30.672961582999314
-209.26028117892722, 43.90173039797407
-168.29109734867149, 26.426690414761786
-210.17058790782633, 42.06526135590229
-171.21468060415114, 22.350120837925935
-211.0595509728859, 40.22452041828773
-174.58342497074935, 18.483828867041208
-211.92723520526516, 38.379724080973524
-178.41284086071093, 14.876745770982915
-212.7737063350371, 36.531086080627276
-182.72403214590503, 11.590280400544295
-213.59903094742126, 34.67881743784731
-187.544251777133, 8.70484448184837
-214.40327644058536, 32.82312649991955
-192.90711642846216, 6.330813342898816
-215.18651098496784, 30.964218983210024
-198.8511977760047, 4.628192577087374
-215.9488034840746, 29.1022980151791
-205.41253811521273, 3.844720745587969
-216.6902235367048, 27.237564176005264
-212.59411220042682, 4.3964650153467275
-217.41084140056142, 25.370215539807024
-220.2369020579242, 7.052330881661376
-218.1107279572041, 23.500447715453067
-227.3930328174117, 13.313093772626235
-218.78995467830202, 21.628453886951693
-229.50731057470983, 24.427368376236714
-219.44859359314697, 19.754424853411628
-224.2305064812304, 32.11467869999651
-220.0867172573866, 17.878549068567324
-217.6631266686251, 35.43168814492875
-220.70439872294014, 16.001012679862722
-211.4752350677047, 36.191179290187144
-221.3017115090592, 14.121999567088327
-205.9629029711025, 35.381682905127406
-221.87872957449756, 12.241691380567268
-201.14646172854464, 33.52374507545335
-222.4355272907551, 10.36026757888673
-196.98998238353118, 30.917975953132192
-222.97217941636194, 8.477905466171899
-193.4507661310148, 27.753736064634936
-223.48876107216967, 6.5947802289001665
-190.4912227709299, 24.15919645074026
-223.98534771761786, 4.7110649722540225
-188.08126638878252, 20.226507547812368
-224.46201512794477, 2.826930756011592
-186.19823832007393, 16.025531301810478
-224.9188393723123, 0.9425466299743337
-184.82630177832704, 11.611900610359509
-225.355896792816, -0.9419203310680766
-183.9558729748945, 7.032088499758453
-225.77326398435176, -2.8263049928351975
-183.58324956212084, 2.326840889491465
-226.17101777531224, -4.710444127514681
-183.71048075666377, -2.4662813706484927
-226.54923520908594, -6.5941763801812145
-184.3454997220008, -7.310790173867435
-226.90799352633374, -8.477342235673836
-185.50254893485067, -12.16924714672692
-227.2473701480178, -10.359783985929582
-187.20295620374614, -17.001006109194755
-227.5674426591587, -12.241345697771077
-189.4763595970446, -21.75931585324828
-227.8682887932975, -14.121873181145405
-192.36253445503488, -26.387155007799393
-228.14998641764032, -16.001213957811316
-195.91403886328115, -30.810676241126163
-228.41261351886342, -17.87921723047156
-200.19991746901437, -34.92803988968561
-228.65624818955757, -19.755733852346935
-205.31044539284227, -38.58883889088553
-228.8809686152913, -21.630616297188382
-211.36119866765935, -41.552741607586505
-229.08685306227338, -23.503718629723313
-218.48568596889857, -43.39763218585377
-229.2739798655951, -25.374896476532168
-226.75450585420361, -43.29387151116537
-229.44242741803387, -27.244006997350994
-235.62860434633967, -39.46235190279654
-229.5922741594005, -29.110908856795767
-240.97719202261757, -29.61182289601038
-229.72359856641222, -30.975462196504004
-238.583524735182, -20.69534203239055
-229.83647914307554, -32.83752860768909
-233.5624067588568, -15.400528445666495
-229.93099441156167, -34.69697110410266
-228.04337422083432, -12.653534509303977
-230.00722290355992, -36.553654095400304
-222.647605442013, -11.638549141484445
-230.0652431520931, -38.40744336090576
-217.5778303285939, -11.871467129975558
-230.1051336837807, -40.25820602376861
-212.90639210222585, -13.053518140540842
-230.12697301153568, -42.105810525510655
-208.66006756781934, -14.988429217964853
-230.130839627681, -43.950126600955855
-204.8491420769411, -17.539751233659565
-230.11681199747304, -45.791025253538784
-201.47869726471438, -20.607901624981277
-230.08496855301874, -47.6283787309866
-198.5534892983781, -24.117034754718826
-230.0353876875746, -49.46206050136929
-196.08032601400453, -28.007057184236093
-229.96814775021517, -51.29194522951316
-194.06945082064172, -32.22845954747457
-229.88332704086008, -53.117908753772426
-192.53558644549125, -36.7387264299321
-229.78100380564808, -54.93982806315367
-191.49897008838207, -41.49960414652687
-229.66125623264764, -56.757581274788116
-190.98659911724266, -46.4747457240212
-229.5241624478938, -58.57104761174655
-191.03389345437938, -51.62733103601719
-229.3698005117411, -60.38010738119174
-191.68703530698915, -56.91720844508833
-229.19824841552347, -62.184641952863274
-193.00637333820526, -62.29688273879012
-229.00958407851112, -63.98453373788968
-195.07150655677134, -67.70513294373696
-228.8038853451562, -65.77966616792283
-197.98903724303884, -73.05577267598564
-228.5812299826181, -67.56992367458953
-201.90447092311555, -78.21591638705391
-228.3416956785605, -69.35519166925533
-207.0196116347762, -82.9595940887009
-228.0853600392118, -71.13535652309548
-213.61035700654634, -86.8570589991047
-227.81230058768148, -72.91030554746828
-221.9844764358592, -88.97900279412559
-227.52259476252507, -74.67992697458578
-231.8783561132002, -87.12861298742855
-227.21631991655016, -76.444109938477
-238.814055236598, -78.52786577957562
-226.89355331585705, -78.2027444562389
-238.70518958458865, -69.7304514993113
-226.5543721391071, -79.95572140957039
-235.54696915464683, -63.48156303070697
-226.19885347701256, -81.70293252658448
-231.28416383660695, -59.3497369323889
-225.82707433204175, -83.44427036389413
-226.64244521649974, -56.811545975854
-225.43911161833358, -85.17962828896712
-221.93039093832334, -55.508179934117585
-225.03504216181608, -86.90890046274524
-217.29862241489172, -55.19967895703064
-224.61494270052296, -88.63198182252354
-212.83009590932355, -55.72033223900578
-224.1788898851035, -90.3487680650851
-208.57610795355777, -56.95135752854044
-223.72696027952048, -92.05915563008678
-204.57248362615715, -58.804713088806984
-223.2592303619314, -93.76304168369192
-200.8476694377498, -61.213239567825646
-222.7757765257484, -95.4603241024455
-197.42723060005338, -64.12440990910203
-222.27667508087242, -97.15090145738758
-194.33667809825297, -67.49618671955042
-221.76200225509734, -98.83467299840099
-191.6035438176419, -71.29413249207276
-221.23183419568016, -100.51153863878906
-189.25920654469016, -75.4892529208582
-220.68624697107322, -102.18139894007943
-187.34080924191545, -80.05621787125953
-220.12531657281474, -103.84415509704992
-185.893577106764, -84.97166092594311
-219.54911891757425, -105.49970892297266
-184.97391275524262, -90.21221913291768
-218.95772984934936, -107.14796283507253
-184.6538261061125, -95.75180117331902
-218.35122514181077, -108.78881984019623
-185.02762143829247, -101.55713422799631
-217.7296805007924, -110.42218352068812
-186.22246483308137, -107.57957506318166
-217.09317156692367, -112.04795802046942
-188.41577078266738, -113.7384331176452
-216.44177391840114, -113.66604803131693
-191.864533693376, -119.88333349321762
-215.77556307389693, -115.27635877933791
-196.95272066813035, -125.69881837955823
-215.09461449560132, -116.8787960116376
-204.2355936184247, -130.429953399443
-214.39900359239712, -118.47326598317596
-214.13411530737812, -132.05787342613647
-213.6888057231638, -120.05967544381035
-223.76190243253902, -126.74529805428575
-212.9640962002088, -121.63793162552082
-227.04074129720235, -118.42843852708339
-212.22495029282445, -123.20794222981488
-226.3790962932916, -111.37134550197435
-211.4714432309684, -124.76961541530845
-223.85207216071254, -105.97115904231514
-210.7036502090657, -126.32285978548009
-220.385964474047, -101.99474410894437
-209.9216463899312, -127.86758437659535
-216.4230929936296, -99.20139829188432
-209.1255069088102, -129.4036986457983
-212.20090922861752, -97.40753143234043
-208.31530687753644, -130.93111245936743
-207.86096385806457, -96.478191623592
-207.49112138880582, -132.44973608113295
-203.49580131972806, -96.31353844162996
-206.65302552056454, -133.95948016105282
-199.1713641003647, -96.83867402217979
-205.80109434051067, -135.46025572394464
-194.93876676447857, -97.99672650463592
-204.93540291070818, -136.951974158371
-190.8410784554358, -99.74419956771088
-204.0560262923122, -138.43454720567541
-186.91764118710506, -102.04780865550151
-203.163039550405, -139.90788694916654
-183.2071740043426, -104.88228407699238
-202.25651775894164, -141.37190580344796
-179.75036197890853, -108.22879824059625
-201.33653600580487, -142.8265165038914
-176.5924005877444, -112.07377472803722
-200.40316939796858, -144.27163209625078
-173.78591064228735, -116.4078747662945
-199.45649306676916, -145.70716592641492
-171.3947153017637, -121.22492802824036
-198.4965821732848, -147.13303163029664
-169.49920578279426, -126.52044007746859
-197.52351191382184, -148.54914312385614
-168.20452401362363, -132.2889467142415
-196.53735752550847, -149.9554145932564
-167.65381529085766, -138.51854851050393
-195.5381942919952, -151.35176048514867
-168.0509144491763, -145.17839377798575
-194.52609754926232, -152.73809549708614
-169.7010884221738, -152.18716677434276
-193.501142691534, -154.11433456806336
-173.08511676500206, -159.3246464175632
-192.46340517729968, -155.48039286918032
-178.96903125312565, -165.9513253155321
-191.41296053544218, -156.83618579442873
-188.23113953898343, -170.0830570042209
-190.3498843714734, -158.18162895159887
-198.68109675403088, -167.4672200960555
-189.2742523738774, -159.51663815330562
-204.08514608796597, -160.5866523372024
-188.18614032056172, -160.84112940813156
-205.52302746709353, -153.76021046452453
-187.0856240854169, -162.155018911886
-204.7312132426851, -147.93435376355146
-185.97277964498502, -163.45822303897805
-202.62724897161553, -143.1746958653422
-184.84768308523786, -164.75065833390252
-199.69640964950688, -139.39299735187709
-183.7104106084651, -166.03224150283708
-196.21863951942788, -136.4900202450178
-182.56103854027361, -167.3028894053495
-192.36977972325874, -134.3818441003755
-181.3996433366982, -168.56251904621354
-188.26889305577586, -133.0021445428354
-180.22630159142525, -169.8110475673323
-184.00226659806262, -132.29978442911505
-179.04109004312954, -171.048392239768
-179.63661258315173, -132.23603098672191
-177.8440855829258, -172.27447045587675
-175.22692900516375, -132.78229246729342
-176.63536526193568, -173.48919972154786
-170.82159888809912, -133.91845807384288
-175.4150062989715, -174.69249764854604
-166.4660567813982, -135.63175259420714
-174.18308608833777, -175.884281946956
-162.20578779871784, -137.91600225077255
-172.93968220775207, -177.06447041772864
-158.08918246710923, -140.7712247352879
-171.6848724263861, -178.23298094532763
-154.17070938154006, -144.2034669496258
-170.41873471302893, -179.38973149047615
-150.51495099418187, -148.22479807133686
-169.1413472443732, -180.53464008300287
-147.20231322407264, -152.8532876220019
-167.8527884134266, -181.66762481478662
-144.3378024031327, -158.11256279840327
-166.55313683804934, -182.78860383279914
-142.06549598960848, -164.02986410502285
-165.24247136962003, -183.8974953322457
-140.59400241540936, -170.6294987634431
-163.92087110183124, -184.99421754980304
-140.2440944863477, -177.91203005742432
-162.58841537961658, -186.07868875695416
-141.54165397522368, -185.78580294946985
-161.24518380821132, -187.15082725342018
-145.3854698521504, -193.8221634848487
-159.89125626234832, -188.2105513606885
-153.07443222104882, -200.35343487117018
-158.52671289559123, -189.2577794156377
-163.63932891635412, -201.00010707820488
-157.15163414980708, -190.2924297642588
-170.8888356092003, -196.17882980796452
-155.76610076478036, -191.31442075547304
-174.35638721904562, -190.13302291242923
-154.37019378797072, -192.32367073504636
-175.35477429065855, -184.3456685895591
-152.96399458441653, -193.32009803960077
-174.7473302170307, -179.18648557639546
-151.54758484678663, -194.30362099072275
-173.03604970530307, -174.72788043158963
-150.12104660558268, -195.27415788916926
-170.5271282581089, -170.9622806102535
-148.68446223949442, -196.23162700917172
-167.41993208927943, -167.86265850174027
-147.2379144859105, -197.17594659283833
-163.85244420606165, -165.40074014247898
-145.78148645158737, -198.10703484465566
-159.92561004036338, -163.55259108958424
-144.31526162347882, -199.02480992609
-155.7172358286029, -162.30017470561424
-142.83932387972897, -199.9291899502893
-151.29047311556914, -161.63163391092857
-141.35375750083145, -200.82009297688663
-146.6993929096826, -161.54124773006146
-139.8586471809577, -201.6974370069061
-141.9929871088614, -162.02941380415865
-138.35407803945697, -202.5611399777725
-137.21838652855527, -163.1027997378662
-136.84013563253154, -203.41111975842546
-132.4238408615468, -164.7747363521292
-135.31690596508972, -204.24729414453978
-127.66194086210842, -167.06590723369422
-133.78447550278005, -205.06958085385324
-122.99364692542471, -170.00538475666792
-132.24293118420974, -205.87789752160313
-118.4939656249579, -173.6320423800115
-130.69236043335064, -206.6721616960735
-114.2607396823849, -177.99627028243282
-129.1328511721363, -207.4522908342545
-110.42937039818216, -183.1615294178197
-127.564491833253, -208.218202297616
-107.19931786818101, -189.20387740389248
-125.98737137312882, -208.9698133479968
-104.88524396813561, -196.20244732872024
-124.40157928512394, -209.70704114361243
-104.0215795032721, -204.19342117119302
-122.8072056129259, -210.42980273518293
-105.57164990176153, -212.97159986152377
-121.20434096415345, -211.13801506218329
-111.12281769070113, -221.263704033668
-119.59307652417293, -211.83159494921904
-120.82416681873892, -224.911619548065
-117.97350407013083, -212.51045910252944
-129.13464170505566, -222.52692176292948
-116.34571598520652, -213.17452410662108
-134.22193943373634, -217.777629410031
-114.7098052730892, -213.82370642103476
-136.8284985330592, -212.51425848555718
-113.06586557268302, -214.45792237724876
-137.67324032142383, -207.38114100661443
-111.41399117304466, -215.07708817572149
-137.2274494771423, -202.61018515684873
-109.75427702855742, -215.6811198830771
-135.7967282353488, -198.28954847853151
-108.08681877434624, -216.26993342943723
-133.58741554102858, -194.45349141471462
-106.41171274193793, -216.84344460590316
-130.74543086335902, -191.11549919272795
-104.72905597517114, -217.4015690621913
-127.37862536526977, -188.2817361780933
-103.03894624636044, -217.94422230442697
-123.57012454837232, -185.9570190879461
-101.34148207271934, -218.47131969310016
-119.38671301784316, -184.14774403789872
-99.6367627330466, -218.98277644118758
-114.88443505491779, -182.86354334602342
-97.9248882846808, -219.47850761244612
-110.11263149918037, -182.11845467228937
-96.205959580728, -219.95842811988186
-105.1171583720143, -181.9319918851832
-94.4800782875671, -220.4224527244001
-99.94331412276362, -182.33035189697281
-92.74734690263817, -220.8704960336415
-94.63894594633872, -183.34794222960082
-91.0078687725187, -221.30247250100965
-89.25829371316003, -185.0294186643619
-89.26174811129266, -221.7182964248958
-83.8674162292032, -187.43245483781848
-87.50909001921781, -222.11788194810686
-78.55269780483738, -190.63148674772586
-85.75000050169638, -222.50114305750228
-73.43538057237849, -194.72254615407155
-83.98458648855441, -222.867993583847
-68.69838995357266, -199.82845655735946
-82.21295585363517, -223.2183472018863
-64.63969852912746, -206.09973331450067
-80.43521743471202, -223.55211743065
-61.78566587256698, -213.68866668729873
-78.65148105372633, -223.8692176339931
-61.13195602087848, -222.58973357134386
-76.86185753735592, -224.1695610213802
-64.4544368830506, -231.87254955040663
-75.06645873791965, -224.45306064892168
-72.6603825433982, -237.72118032885427
-73.26539755462392, -224.7196294206696
-81.13598972596846, -237.6577493642446
-71.45878795515668, -224.9691800901817
-87.22503546409298, -234.4568138395548
-69.64674499763485, -225.2016252623623
-91.06643220773684, -230.0604197415812
-67.8293848529109, -225.41687739558924
-93.15547313178237, -225.29985976468268
-66.0068248272445, -225.61484880413587
-93.8815977249087, -220.539490621815
-64.17918338534514, -225.79545166089852
-93.51864642689645, -215.95461611464887
-62.3465801737917, -225.95859800043885
-92.26011942622554, -211.63828450811494
-60.5091360448349, -226.10419972235218
-90.24659082189237, -207.64532220783795
-58.66697308058867, -226.23216859497236
-87.58346009395848, -204.0122289308738
-56.8202146176165, -226.3424162594246
-84.35228008185298, -200.76701560004574
-54.968985271918775, -226.434854234038
-80.61818171321981, -197.93455170471117
-53.11341096432717, -226.50939391913002
-76.4349650613166, -195.53982418966172
-51.253618946312194, -226.5659466021753
-71.84881748684631, -193.61024411251984
-49.3897378262099, -226.6044234633721
-66.90128188352168, -192.17760380971296
-47.521897595873895, -226.62473558161972
-61.63193677440492, -191.2800640163484
-45.65022965775857, -226.62679394092135
-56.08121766509333, -190.9644764741443
-43.77486685243968, -226.61050943722623
-50.29390757746901, -191.28936233257835
-41.89594348657814, -226.5757928857268
-44.32411924994522, -192.3289501750407
-40.01359536133309, -226.52255502862624
-38.24326698102521, -194.17881661252275
-38.12795980122994, -226.4507065433924
-32.15405053573059, -196.96379158036285
-36.2391756834894, -226.3601580515152
-26.217054617471263, -200.84846792837766
-34.34738346782301, -226.25082012778458
-20.705407064913523, -206.0477881863978
-32.45272522670097, -226.1226033101069
-16.124995291304128, -212.8192658535002
-30.55534467609775, -225.97541810987892
-13.48087963676046, -221.33568702761934
-28.65538720672083, -225.80917502293767
-14.668018914465236, -230.96163805962897
-26.752999915727933, -225.62378454110694
-21.094871287612115, -238.25408727113725
-24.84833163893781, -225.4191571643607
-29.08979839153845, -240.16183365226416
-22.94153298353958, -225.1952034136245
-35.63124386904724, -238.5194301057837
-21.03275636130532, -224.95183384423726
-40.32597727707554, -235.14607844161202
-19.122156022310527, -224.68895906009607
-43.41320038995182, -230.96409730169248
-17.20988808916674, -224.4064897285077
-45.16749754173227, -226.43158210598025
-15.2961105917704, -224.10433659577083
-45.80755240614274, -221.79414813240754
-13.38098350257175, -223.78241050351477
-45.4979637695819, -217.19560691801442
-11.464668772367254, -223.44062240582016
-44.36269119016268, -212.72793678725137
-9.547330366618723, -223.07888338714895
-42.49652187940597, -208.45555311472225
-7.629134302301946, -222.6971046811112
-39.97333546135402, -204.42807533195247
-5.710248685287233, -222.2951976900977
-36.85190934662234, -200.68763523629733
-3.7908437482539075, -221.87307400580784
-33.18007212086874, -197.27349316426572
-1.8710918891402537, -221.43064543070355
-28.99781258994973, -194.22533821408433
0.048832289869982226, -220.96782400042085
-24.339789353468625, -191.58603476901823
1.9687519428240288, -220.48452200717173
-19.23760238850691, -189.40431150675985
3.8884879399394867, -219.98065202417015
-13.722190434020217, -187.73780119713444
5.807858827007332, -219.45612693111684
-7.826831021449173, -186.65686745832625
7.726680784259829, -218.91085994077886
-1.5915217499640981, -186.24978680801453
9.644767584705336, -218.34476462670102
4.929788656970713, -186.63010267825402
11.561930551932782, -217.7577549520872
11.656069592852573, -187.94731374378438
13.477978517389335, -217.1497452998912
18.45333917184518, -190.40219742245773
15.392717777135706, -216.52065050415743
25.079673152980106, -194.26609993634756
17.30595204808441, -215.87038588265344
31.06043264266917, -199.88902375154765
19.217482423727297, -215.1988672708374
35.404286725916904, -207.59904034770108
21.127107329359706, -214.50601105720486
36.165683780462906, -217.01810680803848
23.03462247680973, -213.7917342200604
31.612230025109913, -225.11174209228386
24.939820818682247, -213.0559543657614
24.50560494482459, -228.577975879034
26.842492502128618, -212.29858976848243
17.92229787669706, -228.36577033065683
28.742424822154337, -211.51955941154938
12.685615135372824, -226.03564032804528
30.63940217447832, -210.7187830303955
8.813799448976054, -222.52069253803325
32.53320600795901, -209.89618115719142
6.163853208696835, -218.3348390517773
34.42361477660412, -209.05167516720294
4.58707555222449, -213.77530929365878
36.31040389118256, -208.1851873269331
3.9589502906475538, -209.02666341193898
38.19334567045878, -207.2966408441044
4.180380526454543, -204.2121885627711
40.07220929207183, -206.38595991954068
5.173331517691041, -199.42050596330844
41.94676074308337, -205.45306980100804
6.87624246363113, -194.72027679095154
43.81676277022096, -204.4978968390766
9.240261539833737, -190.16895456882142
45.681974829845444, -203.52036854506605
12.226316836681582, -185.8184687822655
47.54215303767325, -202.52041365113996
15.802814688125363, -181.7193423066022
49.39705011828737, -201.49796217261422
19.943730085077554, -177.92410732259944
51.246415354473136, -200.45294547254798
24.626849092893075, -174.49059998559824
53.089994536417976, -199.3852963286857
29.83187999420059, -171.48562158708262
54.927529910816986, -198.2949490028213
35.53801915473968, -168.98949527626533
56.7587601299296, -197.18183931265614
41.72024864048726, -167.1022203017476
58.58342020063574, -196.04590470622466
48.34294381787817, -165.95226250748817
60.40124143354337, -194.8870843389626
55.34775232771804, -165.70954320068415
62.21195139220289, -193.70531915349395
62.6287855101234, -166.60466847997085
64.0152738424879, -192.5005519622143
69.97820999164773, -168.95506616210366
65.81092870220552, -191.27272753275
76.96008546377162, -173.18494960775118
67.59863199100405, -190.02179267637248
82.62123536255778, -179.74441682350167
69.37809578064997, -188.74769633944985
85.0468383555612, -188.473080635436
71.1490281457508, -187.45038969801743
82.32724454008569, -196.80251637370796
72.9111331150057, -186.1298262555511
76.33321261608125, -201.40988096787146
74.66411062307006, -184.7859619440273
69.97365260690387, -202.4325868545957
76.40765646312651, -183.41875522835463
64.4024882849036, -201.0837705892822
78.14146224025956, -182.028167214263
59.88420622754136, -198.24378305108343
79.86521532573738, -180.61416175973568
56.41524321820997, -194.44969129745743
81.57859881231042, -179.17670559007118
53.92609613448639, -190.03334323837691
83.2812914706423, -177.715768416661
52.33982723085792, -185.2105537533222
84.9729677069959, -176.23132305956995
51.587880715090954, -180.13019605614028
86.6532975223036, -174.72334557400475
51.61320990861654, -174.90139594738048
88.32194647275854, -173.191815380757
52.369717970274934, -169.6093057850711
89.97857563207072, -171.63671540070482
53.820792931196415, -164.32483942580208
91.62284155553972, -170.05803219345728
55.93778158233052, -159.1111625616501
93.25439624610402, -168.45575610022382
58.698614290841945, -154.0284676512707
94.87288712253483, -166.82988139098944
62.08657212354349, -149.137946843184
96.4779569899514, -165.18040641607428
66.08908895209295, -144.50559170378784
98.06924401284347, -163.50733376215396
70.69639206509906, -140.20635488714368
99.6463816907959, -161.81067041281378
75.89963236551125, -136.3292564210855
101.20899883711978, -160.09042791370717
81.68783774720714, -132.98421073950922
102.75671956060448, -158.3466225423846
88.0423248382512, -130.3117319733373
104.28916325061505, -156.57927548285477
94.92559951547314, -128.49727944886484
105.80594456576951, -154.78841300493562
102.25790897321228, -127.79261034571945
107.30667342644163, -152.97406664844658
109.86493056181212, -128.54529060815352
108.7909550113454, -151.13627341228795
117.3563939533018, -131.22419178586006
110.25838975846848, -149.27507594844616
123.85364515601779, -136.35271585684382
111.70857337063353, -147.39052276095651
127.58344894334466, -143.95655588076033
113.14109682597754, -145.48266840984664
126.58023199222895, -152.03841043917984
114.55554639365121, -143.5515737200748
121.78905059783239, -157.43868062410868
115.95150365505215, -141.5973059954676
115.76930667333454, -159.5269406943251
117.32854553091775, -139.61993923765044
109.93028932179075, -159.0940011082856
118.68624431461556, -137.6195543699529
104.77809092429706, -156.9173188018393
120.02416771198102, -135.5962394662578
100.45692393414662, -153.53329658220417
121.34187888806464, -133.55008998474955
96.98427386821153, -149.2969747054215
122.63893652116255, -131.48120900650233
94.3363805861204, -144.44951081471962
123.91489486451631, -129.38970747883226
92.47900690732783, -139.1620740341983
125.16930381607966, -127.27570446332125
91.37854272771138, -133.56238037710153
126.40170899676113, -125.13932738840062
91.00582363982353, -127.75096476376946
127.61165183756286, -122.98071230636418
91.33718345448897, -121.81161917569105
128.79866967604647, -120.8000041546581
92.35445871329253, -115.81853755369454
129.9622958625671, -118.59735702127293
94.04460958799005, -109.84164283530598
131.1020598767265, -116.3729344140394
96.39919463114576, -103.95100649426138
132.21748745450495, -114.12690953360365
99.41373388561684, -98.22099123725502
133.3081007265396, -111.8594655498308
103.08685125868614, -92.73464562748863
134.3734183680248, -109.5707958813577
107.41890868072659, -87.58891703712747
135.412955760715, -107.26110447798497
112.40952887090663, -82.90143326119278
136.42622516751683, -104.93060610556732
118.05275796335563, -78.8199665206448
137.41273592016003, -102.57952663302768
124.32719344453345, -75.53624593850415
138.37199462043856, -100.20810332108607
131.17507525713953, -73.30627632180912
139.30350535551477, -97.81658511225748
138.4563478022624, -72.47811065699462
140.20676992777697, -95.4052329216354
145.8453272251156, -73.51683898012837
141.08128809973783, -92.97431992793781
152.6081950537824, -76.95916337724563
141.9265578544553, -90.52413186425186
157.2651902350691, -83.02157518572605
142.74207567194978, -88.05496730787063
157.89490549188892, -90.45530013196354
143.52733682208031, -85.56713796857213
154.38803131170556, -96.47556987482054
144.28183567432944, -83.06096897464525
148.72245744058495, -99.64843353196684
145.00506602492953, -80.53679915592143
142.52728332538004, -100.21444848326425
145.69652144174387, -77.99498132302371
136.58546913927825, -98.79628981593368
146.35569562729268, -75.43588254199678
131.21693679566667, -95.91862585238502
146.9820828002869, -72.85988440343291
126.54120034939271, -91.96061618020768
147.5751780960024, -70.26738328515965
122.59483043414076, -87.19225908305727
148.134477985792, -67.65879060750552
119.3807717698794, -81.81066057749808
148.65948071599348, -65.03453308011112
116.88931789111474, -75.96546767828266
149.14968676644858, -62.39505293920328
115.10725049742874, -69.77568010021149
149.6045993287987, -59.74080817420229
114.02188492023515, -63.34089017093542
150.02372480467093, -57.07227274248396
113.62286099633093, -56.74910447507664
150.40657332380852, -54.38993677107284
113.90291460712352, -50.08250807105671
150.75265928213764, -51.694306743998276
114.85816176100496, -43.422032682149464
151.06150189969273, -48.98590567400272
116.48807972190971, -36.85132440211681
151.33262579824918, -46.26527325725254
118.79515703070143, -30.460614495983066
151.56556159843277, -43.532966009664804
121.78400271566159, -24.351044303817552
151.75984653598994, -40.78955738343133
125.4594697687579, -18.640163550404562
151.91502509681388, -38.035637862292326
129.82291368046367, -13.469603830089255
152.03064967022476, -35.27181503408877
134.86475589937152, -9.01631817225548
152.10628121990314, -32.49871363910406
140.54933308078463, -5.509146887809981
152.1414899717693, -29.716975592693426
146.78292802118784, -3.2519774610222756
152.13585611799155, -26.92725998069377
153.34444959043702, -2.6492877535283235
152.08897053619205, -24.130243026108356
159.73744684075447, -4.201975650221889
152.0004355227998, -21.326618025570042
164.92529117491884, -8.334394612912913
151.86986553937916, -18.517095254104767
167.20009001294898, -14.708454626284809
151.69688797063685, -15.702401836744015
165.3044392052871, -21.344514584029117
151.4811438926829, -12.883281585571575
160.12609801144143, -25.9884831241962
151.2222888499923, -10.060494800836905
153.44486408577052, -28.004945255778456
150.91999363938416, -7.234818034824965
146.44754116627416, -27.746432925512046
150.5739450992045, -4.407043817241275
139.71591571323722, -25.726590271763637
150.18384690177066, -1.5779803409513349
133.50969378611973, -22.373301113158725
149.74942034700683, 1.2515488929940153
127.93890861554121, -18.00829430977184
149.2704051550765, 4.080705472011176
123.04548988798507, -12.872088772458618
148.74656025569695, 6.908636511161229
118.84051247908964, -7.149218045309524
148.1776645717056, 9.73447513556979
115.32158885419125, -0.986753911369842
147.56351779433982, 12.55734100666506
112.48133833043737, 5.493032035794517
146.90394114758988, 15.376340892655938
110.31172339852934, 12.18413503116436
146.19877813889428, 18.190569283506136
108.80636044188499, 18.99100737457305
145.44789529336376, 20.99910905048298
107.96172684723498, 25.8244216762891
144.65118286865143, 23.801032150171267
107.77766994131481, 32.59817431011241
143.80855554752964, 26.595400372644303
108.25740863992468, 39.225926494345465
142.91995310519138, 29.381266133276476
109.40710634755003, 45.617566020316396
141.98534104826763, 32.15767330746599
111.23495220318391, 51.674495868813985
141.0047112225414, 34.92365810731346
113.74941505542289, 57.283152166748984
139.97808238634735, 37.67824999907349
116.95578736701466, 62.3057463472206
138.90550074667152, 40.42047265996376
120.8489728712216, 66.56665840526864
137.78704045501237, 43.14934497268062
125.39780051763788, 69.83216647735051
136.6228040601295, 45.863882055734514
130.50969082249605, 71.78122040496727
135.41292291489424, 48.56309632748302
135.94901118391226, 71.97106191598174
134.15755753456332, 51.245998601507935
141.15197360003225, 69.83884554038843
132.85689790392695, 53.91159921075551
144.88642739082212, 64.93847743100099
131.5111637309319, 56.55890915763939
145.1829282229299, 57.89069466514093
130.12060464455237, 59.18694128709555
141.0821822536154, 51.202900403997106
128.68550033487193, 61.794711479379394
134.0800377007687, 46.943281776675505
127.20616063355145, 64.38123985920993
125.98730898202984, 45.31528933420568
125.68292553308686, 66.945552017696
117.81202029666164, 45.80513562221857
124.11616514350767, 69.48668024332767
110.00674380208423, 47.88138274213665
122.50627958542938, 72.00366475818264
102.761072306691, 51.13279225458839
120.85369881864938, 74.49555495538677
96.1486725325972, 55.255873988484694
119.15888240576474, 76.96141063377831
90.19276270873885, 60.02421058202361
117.42231921058882, 79.40030322566142
84.89543525768266, 65.26445099672439
115.64452703144997, 81.81131701349473
80.25117815338353, 70.84017891913959
113.82605216976734, 84.1935503313483
76.25321048479938, 76.64121583961293
111.9674689346135, 86.54611674697533
72.89642650955726, 82.57616262314305
110.069379084288, 88.86814622038638
70.17875242070765, 88.5667294576563
108.13241120623815, 91.15878623488241
68.101825765863, 94.54299769243947
106.15722003697063, 93.41720289659794
66.67144816197468, 100.4390985990845
104.14448572389621, 95.64258199872813
65.89800163889235, 106.18891413490691
102.09491303133868, 97.83413004676147
65.796858599064, 111.72135767227314
100.0092304932146, 99.99107524121247
66.38867926181747, 116.95460029776245
97.88818951515071, 102.11266841454504
67.6992755587521, 121.78822446361919
95.732563429048, 104.19818391919519
69.7582214612746, 126.09156260375397
93.54314650332454, 106.24692046383976
72.59408016924013, 129.68510472420638
91.32075291226984, 108.25820189531379
76.22045652445391, 132.3093357742764
89.0662156681217, 110.23137792385072
80.5962187316789, 133.57163898787473
86.78038551962948, 112.16582478960453
85.50982036828708, 132.86361028633937
84.46412982099555, 114.06094586870866
90.24516469539543, 129.30643738759045
82.11833137518781, 115.91617221743023
92.84275364623606, 122.23191338455392
79.74388725569021, 117.7309630532875
90.4848748565697, 113.42964467389018
77.34170761080556, 119.50480617231052
83.7676904975284, 106.59155461359869
74.91271445464439, 121.23721830193746
75.2504623224763, 102.63225531501922
72.45784044892739, 122.92774538934849
66.37194118223891, 100.9835447213838
69.97802767969561, 124.57596282534465
57.7210696498706, 101.01305222101237
67.47422643296494, 126.18147560417587
49.529490173158514, 102.25822430981627
64.94739397327896, 127.74391842001104
41.88754858266474, 104.39804619458799
62.3984933290097, 129.26295570101837
34.828649892029674, 107.20700612608796
59.82849208812974, 130.7382815822877
28.363202150910617, 110.52259433949172
57.23836120803358, 132.16961981907284
22.493023211463466, 114.22435853030417
54.62907384282324, 133.5567236420632
17.21784289325352, 118.22024378453314
52.00160419129425, 134.89937555660592
12.538500828481961, 122.4373475223357
49.35692636866572, 136.19738708799315
8.458750648370872, 126.81537699463631
46.696013304894244, 137.45059847510285
4.986504872013057, 131.30175412403307
44.019835672197935, 138.65887831483434
2.134916547885011, 135.84765014152907
41.32936084419588, 139.8221231599124
-0.07648093020438562, 140.404383375804
38.6255518888423, 140.94025707274537
-1.6204179439419901, 144.9196310597193
35.909366597105, 142.01323113811358
-2.460179262598182, 149.33278058258338
33.18175654910683, 143.04102293753502
-2.547428197591746, 153.56839760556178
30.443666219218517, 144.02363598820574
-1.8195667677965899, 157.5260103187077
27.696032121362688, 144.96109914944424
-0.19711456101146907, 161.06269915495844
24.9397819955646, 145.8534659995816
2.4165734896086093, 163.96111457864328
22.17583403656576, 146.70081418623522
6.1238214108100575, 165.86660848149268
19.40509616510387, 147.50324475288227
10.970755740103412, 166.1581885460326
16.628465342257716, 148.26088144461346
16.67083111577293, 163.70748510737567
13.846826927059444, 148.9738699958964
21.53072658098026, 156.85610896852936
11.061054077390246, 149.64237740311486
21.291165766975997, 146.45536149331005
8.272007193999457, 150.26659118457496
15.829831938689944, 137.536131535611
5.480533407322072, 150.84671863058364
8.203336256731948, 131.34208635913612
2.687466106616107, 151.38298604611026
-0.04093684433093969, 127.32191271930792
-0.10637548920057549, 151.87563798843973
-8.28961067371882, 124.89872436978264
-2.9001867197641964, 152.32493650211651
-16.28724762910258, 123.66784470791877
-5.693177831397824, 152.7311603533641
-23.918597298607395, 123.35507791114924
-8.48457428613692, 153.09460426604662
-31.12757919575485, 123.77075327795681
-11.273617032715672, 153.41557816111674
-37.88446079070318, 124.77958077657198
-14.05956274066454, 153.69440640137068
-44.17123263721787, 126.28194866249386
-16.841683998740656, 153.93142704320593
-49.974438363264355, 128.20214227006048
-19.61926947897292, 154.1269910969525
-55.28127212364091, 130.48066906233646
-22.39162406765345, 154.28146179722393
-60.07715886987662, 133.06903542940887
-25.158068964646787, 154.39521388461065
-64.3439751525836, 135.9259763227629
-27.917941752418695, 154.46863289991853
-68.05845266462163, 139.014489786524
-30.670596436207628, 154.5021144920357
-71.1904557049615, 142.29919595575902
-33.41540345677519, 154.4960637403967
-73.70085525386895, 145.7435754241541
-36.15174967717713, 154.45089449290074
-75.53867453629763, 149.30654069480164
-38.87903834499468, 154.36702872003414
-76.63705538297802, 152.9374826153838
-41.59668903145754, 154.2448958858431
-76.90737783230031, 156.56819798306788
-44.30413754887563, 154.08493233630526
-76.23057915056677, 160.0983807583707
-47.00083584777701, 153.88758070555443
-74.44468226501552, 163.367090060222
-49.68625189512461, 153.65328934032428
-71.32983830640734, 166.09121072655142
-52.35986953495605, 153.38251174289326
-66.60943719534032, 167.71967739315147
-55.021188332757895, 153.07570603273427
-60.098286342400996, 167.0709732947183
-57.66972340485034, 152.73333442699956
-52.78664923792973, 161.7299357111471
-60.30500523401948, 152.35586273990262
-49.797174808764694, 150.9537065368456
-62.92657947259393, 151.94375990099604
-52.54726549547241, 140.57363223163628
-65.53400673411954, 151.4974974922853
-57.939121235911145, 132.38717951302124
-68.12686237474232, 151.01754930406557
-64.37588537980245, 126.1027966002936
-70.70473626536388, 150.5043909093193
-71.18502462281013, 121.29716944709926
-73.26723255558846, 149.9584992564684
-78.0563173878321, 117.65569395888448
-75.81396943043352, 149.38035228023426
-84.83017406377168, 114.95860723523175
-78.3445788607297, 148.77042853032387
-91.41601130730476, 113.05066162103275
-80.85870634808947, 148.12920681762756
-97.7573463372326, 111.81949074297238
-83.35601066527724, 147.4571658775866
-103.81525270660127, 111.18173529646339
-85.83616359276846, 146.75478405036387
-109.55973570729621, 111.07416743665574
-88.29884965224002, 146.02253897743014
-114.96478652726069, 111.44788130833017
-90.74376583769032, 145.26090731416016
-120.00521801971945, 112.26436489595795
-93.17062134484395, 144.47036445801797
-124.65434161475324, 113.49272993043635
-95.57913729945436, 143.65138429189895
-128.8819525176193, 115.10763736680506
-97.96904648507672, 142.80443894218595
-132.6522536550877, 117.08759010353914
-100.3400930708438, 141.92999855106993
-135.92137984431366, 119.41330881238349
-102.69203233973963, 141.02853106268046
-138.63411210437823, 122.06586236203489
-105.02463041782859, 140.10050202256835
-140.7191766003413, 125.0240467644224
-107.33766400486282, 139.1463743900815
-142.0821249158199, 128.26005780372654
-109.63092010665626, 138.16660836317527
-142.59401960044187, 131.7314003768498
-111.90419576958203, 137.1616612152015
-142.07267851555753, 135.36410918683643
-114.15729781751814, 136.13198714322215
-140.25073667264058, 139.01416360077934
-116.39004259153788, 135.07803712740008
-136.72347203906097, 142.36785503567293
-118.60225569261259, 134.00025880102325
-130.8995765621408, 144.65075857569596
-120.79377172756855, 132.89909633072656
-122.34390515219306, 143.75800134591535
-122.9644340585142, 131.77499030648266
-114.12923216868155, 135.9076424024108
-125.1140945559305, 130.62837764094093
-111.962049309353, 125.11676635582178
-127.24261335559487, 129.45969147770322
-113.58289831760457, 115.38278398106475
-129.3498586194878, 128.26936110813418
-117.044261289291, 107.14776879519194
-131.43570630081226, 127.05781189631348
-121.44698211289926, 100.22879782374778
-133.5000399132364, 125.82546521174818
-126.3508077969757, 94.4143926853671
-135.54275030445407, 124.5727383694732
-131.5157375079247, 89.53824043147156
-137.5637354341405, 123.3000445771794
-136.79789723223948, 85.47656084473118
-139.56290015636588, 122.00779288901903
-142.10369593466757, 82.1374497389083
-141.54015600651582, 120.69638816574962
-147.3675306442984, 79.4521366895525
-143.49542099275425, 119.36623104088868
-152.53991876638636, 77.36882830083772
-145.42861939205278, 118.01771789256212
-157.58062489914872, 75.8485048292722
-147.33968155079916, 116.65124082074095
-162.4543152436427, 74.86205695120752
-149.22854368998753, 115.26718762957142
-167.12751069207877, 74.38832865883805
-151.09514771498363, 113.8659418145148
-171.56615555231488, 74.4127778187415
-152.93944102984966, 112.44788255402376
-175.73335685429535, 74.92656061970108
-154.7613763562058, 111.01338470549307
-179.586926170611, 75.92589834143212
-156.56091155659783, 109.56281880523231
-183.07631850543996, 77.41159763566158
-158.33800946233444, 108.09655107221926
-186.13839819720567, 79.38855482354043
-160.09263770575157, 106.6149434154018
-188.69109122458846, 81.86492792020938
-161.82476855685587, 105.1183534443268
-190.62320553492086, 84.8502501423149
-163.53437876429504, 103.60713448288341
-191.77703161590884, 88.35060546942671
-165.22144940059812, 102.08163558595777
-191.91659473103832, 92.35548473891963
-166.88596571162552, 100.5422015588052
-190.6658827233549, 96.79902194837683
-168.527916970165, 98.98917297895463
-187.3848198737603, 101.43159572977818
-170.1472963336073, 97.42288622046868
-180.9745462928177, 105.33046877877698
-171.74410070563232, 95.8436734803911
-170.5642229727758, 105.1269883878691
-173.3183306018348, 94.25186280722099
-162.0833606317274, 97.20785243236585
-174.8699900192168, 92.64777813126138
-158.6893706824728, 87.45163273786632
-176.39908630947286, 91.03173929669694
-158.27121178403203, 78.28768349050651
-177.90563005599202, 89.40406209526287
-159.5336644736466, 70.07729892508887
-179.38963495450076, 87.7650583013739
-161.82193979608732, 62.79433652698191
-180.85111769726993, 86.1150357085891
-164.7771086654071, 56.354580980482496
-182.2900978608078, 84.45429816729468
-168.18354429863155, 50.67827545209609
-183.70659779696228, 82.7831456234928
-171.90124702649072, 45.70056497493269
-185.10064252735393, 81.10187415859085
-175.8331412911322, 41.37112950638756
-186.47225964106272, 79.41077603009089
-179.90783911117458, 37.65192849052498
-187.8214791954911, 77.71013971308471
-184.0698067218552, 34.51506921246168
-189.14833362032635, 76.00024994246489
-188.2733122123976, 31.94118482851758
-190.45285762452622, 74.28138775576754
-192.4783831512245, 29.918323903419232
-191.73508810625185, 72.5538305365671
-196.64782526254672, 28.441283917858545
-192.9950640656735, 70.81785205834798
-200.7447282082425, 27.511332169987327
-194.2328265205746, 69.0737225287823
-204.73003966064869, 27.136287026309187
-195.44841842468148, 67.32170863434737
-208.559807804271, 27.330964655700377
-196.64188458864612, 65.56207358522018
-212.18158435648047, 28.11802575224052
-197.8132716036116, 63.79507716039008
-215.52918679403388, 29.52927243290626
-198.96262776728966, 62.02097575293472
-218.51436606265415, 31.607405654084097
-200.09000301248216, 60.24002241540727
-221.0124675704033, 34.40800014502088
-201.19544883797857, 58.452466905286684
-222.83571597178067, 38.00037238210864
-202.27901824176354, 56.65855573044565
-223.67890082837187, 42.46149520826682
-203.34076565646916, 54.858532194593835
-222.998044625636, 47.83644081094624
-204.38074688700868, 53.05263644265699
-219.72245005382518, 53.929081555729795
-205.39901905032883, 51.24110550605505
-211.80025279596967, 59.1486312836604
-206.39564051722002, 49.42417334784492
-199.9333560815794, 57.30080213723139
-207.37067085612458, 47.602070907696124
-192.11786713273074, 50.13433025783013
-208.32417077888468, 45.77502614666969
-187.70649390744387, 42.039184462258184
-209.2562020883728, 43.943264091772924
-185.3971372882803, 34.12619142654352
-210.16682762794923, 42.10700688026465
-184.46555554144376, 26.66094138441991
-211.0561112326921, 40.266473803687575
-184.50331497352934, 19.702132013678447
-211.92411768234697, 38.42188135160621
-185.26142023900775, 13.251723666291742
-212.77091265594427, 36.57344325503054
-186.57705967528315, 7.2964200673549255
-213.5965626880342, 34.72137052950725
-188.3375441239842, 1.8206067322813064
-214.40113512648995, 32.86587151786197
-190.4611592288735, -3.189365519679966
-215.18469809183162, 31.00715193257738
-192.88625316237795, -7.743770787673049
-215.9473204380239, 29.14541489779343
-195.56461423854745, -11.849074576346357
-216.6890717147026, 27.280860990917255
-198.45721191524316, -15.50779349184732
-217.41002213078593, 25.41368828383162
-201.5312922345667, -18.718380424558276
-218.11024251942723, 23.544092383691844
-204.7582593835025, -21.475015262672123
-218.78980430426816, 21.67226647330232
-208.1119930419547, -23.767229349517063
-219.4487794669513, 19.79840135106466
-211.56735440060578, -25.57929693858423
-220.08724051585313, 17.92268547049063
-215.098666508894, -26.88930656652954
-220.705260455999, 16.04530497927383
-218.67792762756562, -27.66778078727423
-221.30291276012304, 14.16644375791493
-222.27241208303903, -27.875634356411602
-221.880271340837, 12.286283457896188
-225.84107146694615, -27.461126230776486
-222.43741052387298, 10.405003539401598
-229.3286143855948, -26.35522778817725
-222.97440502236617, 8.522781308579804
-232.65490816924859, -24.464431932456705
-223.49132991214452, 6.639791954347554
-235.69425638748848, -21.659419876634626
-223.98826060799365, 4.7562085847320805
-238.23051549582524, -17.75762083714139
-224.46527284086574, 2.872202262751385
-239.84690800594328, -12.502113274610746
-224.92244263600247, 0.9879420418319329
-239.61297817047054, -5.5888665879797195
-225.35984629194303, -0.8964049992362233
-235.14330392591353, 2.713561833238172
-225.77756036038872, -2.780673721806414
-223.33993522833617, 6.724216543469294
-226.17566162689693, -4.664700893343492
-213.27055834958793, 3.6897586252626247
-226.55422709237797, -6.548325153851824
-205.9951441804578, -1.5153996173022564
-226.9133339553691, -8.431386982761422
-200.65218175637727, -7.36708391415152
-227.25305959506085, -10.313728666270183
-196.6720281300829, -13.371565588222651
-227.57348155505153, -12.195194265139854
-193.71115740773763, -19.33452168297908
-227.87467752780663, -14.075629582943055
-191.55124593373978, -25.16752136992052
-228.15672533980057, -15.95488213475842
-190.04538352142245, -30.825738717098034
-228.41970293731893, -17.832801116310673
-189.08994620945347, -36.28425499769962
-228.6636883728999, -19.709237373552185
-188.60908096946085, -41.52782297707881
-228.88875979239472, -21.584043372682395
-188.54563248580314, -46.545984644999294
-229.09499542262694, -23.457073170601277
-188.855552330746, -51.33053765237942
-229.28247355963174, -25.3281823857928
-189.50429587904443, -55.87410825568539
-229.45127255745652, -27.197228169634272
-190.46440972247643, -60.16926886170858
-229.60147081750486, -29.064069178127188
-191.71386203953358, -64.20792450968672
-229.73314677840665, -30.928565544045227
-193.23485252233127, -67.98082072297845
-229.84637890639743, -32.79057884949476
-195.01293952403682, -71.47708393081818
-229.9412456861909, -34.64997209888325
-197.03637910194388, -74.6837308976285
-230.01782561232886, -36.506609692290795
-199.29560266675142, -77.58508999957868
-230.0761971809934, -38.36035739923997
-201.78277618224365, -80.16206988847962
-230.11643888226692, -40.21108233285909
-204.49138777887092, -82.39118962428567
-230.13862919282548, -42.058652924433865
-207.41580119872552, -84.24324312069801
-230.1428465690521, -43.90293889834253
-210.55068265894033, -85.68139653542536
-230.12916944055686, -45.743811247369386
-213.89013985491854, -86.6583824473945
-230.0976762040908, -47.58114220839157
-217.42625760781053, -87.11220086288232
-230.0484452178414, -49.414805238434084
-221.14635492561146, -86.95923465264345
-229.98155479609795, -51.24467499108787
-225.02738434795333, -86.08263066171614
-229.89708320427516, -53.070627293285774
-229.02338149688956, -84.31142180810514
-229.7951086542839, -54.89253912243139
-233.03390132313876, -81.38016357547858
-229.6757093002385, -56.710288583875425
-236.81133340782014, -76.8450210408628
-229.5389632344903, -58.52375488873471
-239.6239195312624, -69.91282402333522
-229.3849484839773, -60.33281833204846
-238.7071332255325, -59.50119191406563
-229.21374300688066, -62.13736027126693
-227.8484575570523, -51.84182116631674
-229.02542468957844, -63.93726310506715
-217.62770672601354, -50.91772630497394
-228.8200713438879, -65.73241025249088
-209.13600975354217, -52.30351954315742
-228.59776070458759, -67.52268613239956
-201.9139989651492, -54.693315901163174
-228.35857042721113, -69.3079761432414
-195.6286676204801, -57.60698566399151
-228.1025780861045, -71.0881666431256
-190.06732189616733, -60.82399322523688
-227.8298611727392, -72.86314493019863
-185.0885424225532, -64.22670119520885
-227.54049709427383, -74.63279922331793
-180.59353398727256, -67.7454866577266
-227.23456317235724, -76.397018643018
-176.51030346295116, -71.33588108314856
-226.9121366421658, -78.15569319276406
-172.7845717295222, -74.96777135202852
-226.57329465166873, -79.90871374048868
-169.37428593943886, -78.61979330307142
-226.21811426111483, -81.65597200040649
-166.24614784706304, -82.27620019636304
-225.84667244273453, -83.39736051510246
-163.37332604557602, -85.9250084783349
-225.4590460806515, -85.13277263788905
-160.7338942069244, -89.55684607192231
-225.0553119709979, -86.86210251542768
-158.3097319021288, -93.1642076124239
-224.6355468222282, -88.58524507061014
-156.08573027066132, -96.74095572351182
-224.19982725562596, -90.30209598569535
-154.0492046882854, -100.28197647141364
-223.74822980599876, -92.0125516856971
-152.18945180411248, -103.7829343990777
-223.28083092255662, -93.7165093220187
-150.49740973692118, -107.24009355446529
-222.79770696996894, -95.41386675632977
-148.96539363837664, -110.65018322869552
-222.29893422959583, -97.10452254468153
-147.58688746148266, -114.01029455701725
-221.7845889008894, -98.78837592185606
-146.35637845868044, -117.31779875665615
-221.25474710296112, -100.46532678594555
-145.26922476354358, -120.57028071322657
-220.70948487631128, -102.1352756831576
-144.32154904335033, -123.76548352945022
-220.14887818471675, -103.79812379284249
-143.51015305765645, -126.90126089801869
-219.57300291727367, -105.45377291273857
-142.8324492816034, -129.97553498516552
-218.9819348905916, -107.102125444432
-142.2864067217967, -132.9862580550867
-218.3757498511358, -108.74308437902691
-141.87050877975278, -135.93137641665882
-217.75452347771477, -110.3765532830224
-141.58372157951484, -138.80879548863143
-217.1183313841099, -112.00243628439273
-141.4254716253249, -141.6163448917776
-216.4672491218445, -113.62063805886696
-141.39563203072797, -144.35174250585197
-215.80135218308985, -115.23106381640478
-141.4945168915675, -147.01255638421958
-215.12071600370504, -116.83361928786482
-141.72288368620409, -149.59616329920684
-214.42541596640913, -118.42821071186209
-142.081943899007, -152.09970248729252
-213.71552740408262, -120.01474482181142
-142.57338240029677, -154.52002285586718
-212.99112560319645, -121.59312883315336
-143.19938650331096, -156.8536214701162
-212.2522858073666, -123.16327043075948
-143.96268608892976, -159.09657050892093
-211.49908322103204, -124.72507775651385
-144.8666067855747, -161.2444289843121
-210.73159301325458, -126.2784593970677
-145.91513897667974, -163.29213423893006
-209.94989032163895, -127.82332437176416
-147.11302647185167, -165.23386638045457
-209.15405025637125, -129.3595821207301
-148.4658801563798, -167.06287607812936
-208.34414790437472, -130.88714249313236
-149.9803240370799, -168.77126203946173
-207.52025833358124, -132.40591573559516
-151.66418416226207, -170.3496781750752
-206.68245659731733, -133.91581248077637
-153.52673544667783, -171.78694051294926
-205.83081773880366, -135.41674373609945
-155.5790283693123, -173.06948777849843
-204.9654167957669, -136.90862087263892
-157.83432835008702, -174.18062245897158
-204.08632880516305, -138.39135561415623
-160.30871800665435, -175.09941189563148
-203.19362880801128, -139.86486002628388
-163.02194121939502, -175.79904267095262
-202.28739185433773, -141.32904650585525
-165.99861677703862, -176.2442555100798
-201.36769300822837, -142.78382777037748
-169.2700346645853, -176.38714732553572
-200.43460735299053, -144.22911684764543
-172.87689915320325, -176.15987194243957
-199.4882099964225, -145.6648270654941
-176.87364233827742, -175.4609260620775
-198.5285760761909, -147.09087204168748
-181.33527695193305, -174.12659710131274
-197.55578076531512, -148.50716567394142
-186.36728749487875, -171.8624051737514
-196.5698992777595, -149.91362213007878
-192.1073752812348, -168.03977803776507
-195.57100687413183, -151.31015583831444
-198.5305040531016, -160.85209204181743
-194.55917886748915, -152.6966814776684
-199.62093062462247, -142.7281040012509
-193.53449062925034, -154.0731139685048
-197.84573221819528, -129.91074987677968
-192.49701759521562, -155.43936846319528
-195.7541864260156, -118.52225829029857
-191.44683527169332, -156.79536033690468
-193.57091270490602, -107.79378173081174
-190.38401924173377, -158.14100517849727
-191.34501943386192, -97.44753685579427
-189.30864517147106, -159.47621878156195
-189.09128147847548, -87.35093529853182
-188.22078881657274, -160.80091713555473
-186.81442285580505, -77.42998892901953
-187.12052602879788, -162.11501641705678
-184.51547884958853, -67.63911687257213
-186.0079327626643, -163.41843298114682
-182.19392211140953, -57.9483009272527
-184.88308508222522, -164.71108335288602
-179.84850220073926, -48.336841934901834
-183.74605916795622, -165.9928842189143
-177.47762609771553, -38.790019342929746
-182.59693132375307, -167.26375241915653
-175.07955690738723, -29.2971688121538
-181.43577798404138, -168.52360493863745
-172.6525360239341, -19.850508793540776
-180.26267572099886, -169.77235889940397
-170.19487215527948, -10.444386369684274
-179.077701251891, -171.00993155255378
-167.705015517074, -1.0747677074825734
-177.8809314465215, -172.23624027036914
-165.18162410970217, 8.261124920072715
-176.672443334798, -173.45120253855475
-162.62362326199064, 17.5650869398104
-175.4523141144149, -174.65473594857903
-160.03025661006404, 26.838150370946302
-174.2206211586537, -175.84675819011724
-157.4011252920923, 36.08076793759032
-172.9774420243029, -177.02718704359643
-154.73621197293255, 45.29297340066205
-171.72285445969814, -178.19594037284077
-152.03588714289808, 54.47452307660826
-170.45693641288446, -179.35293611781682
-149.30089670043657, 63.62501970766631
-169.17976603990166, -180.49809228747813
-146.5323317644417, 72.74401783188361
-167.89142171319486, -181.63132695270835
-143.73158354004178, 81.83110923304784
-166.59198203015126, -182.75255823936268
-140.9002874896788, 90.8859875503777
-165.28152582176517, -183.86170432140685
-138.04026178472188, 99.90849225192686
-163.96013216143285, -184.9586834141534
-135.1534449709416, 108.89863347915409
-162.62788037387898, -186.04341376759507
-132.24183709478962, 117.85660039062326
-161.2848500442166, -187.11581365983477
-129.30744744293975, 126.78275634987953
-159.93112102714238, -188.17580139061226
-126.35225081070155, 135.67762454914708
-158.56677345626937, -189.2232952749272
-123.37815305932712, 144.5418674913823
-157.19188775359905, -190.25821363675868
-120.38696579121688, 153.3762632919013
-155.80654463913493, -191.28047480288123
-117.380389324295, 162.181681147711
-154.4108251406398, -192.28999709677743
-114.36000277458272, 170.9590576789119
-153.00481060353897, -193.28669883264737
-111.32725991151412, 179.70937525675765
-151.58858270097173, -194.2704983095152
-108.28348947055771, 188.4336429436279
-150.16222344399335, -195.24131380543318
-105.22989873064843, 197.13288029674843
-148.72581519193014, -196.19906357178357
-102.16757933915216, 205.80810402466108
-147.2794406628901, -197.14366582767906
-99.09751455792134, 214.46031731666028
-145.82318294443166, -198.0750387544622
-96.02058728696653, 223.09050157009642
-144.3571255043932, -198.9931004903047
-92.93758838444187, 231.69961019850496
-142.88135220188596, -199.89776912490714
-89.84922493763302, 240.28856419769497
-141.39594729845325, -200.7889626943004
-86.75612824888083, 248.85824916361935
-139.90099546939882, -201.66659917574927
-83.65886138504422, 257.40951348502995
-138.39658181528708, -202.53059648275976
-80.5579262026501, 265.94316746864916
-136.88279187361834, -203.38087246019114
-77.45376980709003, 274.4599831903439
-135.3597116306822, -204.21734487947384
-74.34679043672348, 282.96069489983375
-133.82742753359196, -205.03993143393487
-71.23734278471277, 291.4459998373325
-132.2860265025035, -205.84854973423202
-68.12574278549667, 299.91655934756807
-130.7355959430216, -206.64311730389863
-65.01227190113552, 308.37300019974055
-129.17622375879745, -207.42355157500052
-61.89718094698672, 316.8159160413565
-127.60799836432031, -208.18976988390685
-58.78069349755909, 325.2458689298747
-126.0310086979071, -208.94168946717718
-55.663008912884294, 333.66339089914135
-124.44534423489338, -209.67922745756638
-52.54430502402206, 342.06898552810924
-122.85109500102938, -210.40230088014988
-49.424740513872706, 350.4631294877324
-121.24835158608457, -211.11082664857142
-46.30445702665135, 358.8462740485779
-119.63720515766498, -211.804721561416
-43.18358103641854, 367.2188465369105
-118.01774747524661, -212.48390229871026
-40.062225502118466, 375.5812517310628
-116.3900709044292, -213.14828541855337
-36.94049133374805, 383.9338731930293
-114.75426843141425, -213.79778735388115
-33.81846869162697, 392.27707453260246
-113.1104336777113, -214.43232440936634
-30.69623813829161, 400.6112006031637
-111.45866091507668, -215.05181275845854
-27.573871660307024, 408.936578629568
-109.79904508068893, -215.65616844056674
-24.451433575280106, 417.2535192695276
-108.13168179256515, -216.2453073583884
-21.328981337556133, 425.56231761058115
-106.45666736522274, -216.81914527538825
-18.20656625447674, 433.8632541051984
-104.77409882559087, -217.37759781343107
-15.084234123654856, 442.1565954468659
-103.08407392917617, -217.92058045057223
-11.962025800464895, 450.4425953901683
-101.38669117648745, -218.44800851901047
-8.839977703838144, 458.72149551795155
-99.68204982972377, -218.95979720320685
-5.718122267478062, 466.99352595865565
-97.97024992973095, -219.45586153817487
-2.5964883427534478, 475.25890605685584
-96.25139231323112, -219.93611640794657
0.5248984412246389, 483.51784499996177
-94.52557863033019, -220.40047654421917
3.6460153554959143, 491.77054240391396
-92.7929113623083, -220.848856525188
6.766842282845922, 500.0171888605866
-91.05349383969832, -221.28117077457077
9.887361459342145, 508.2579664494677
-89.30743026065724, -221.69733356082904
13.007557242494675, 516.4930492160445
-87.55482570963596, -222.0972589965928
16.127415903114695, 524.7226036191778
-85.79578617635251, -222.48086103829422
19.24692543828582, 532.9467889496054
-84.03041857507401, -222.84805348601682
22.366075403163382, 541.1657577215783
-82.25883076421287, -223.19874998356718
25.484856759580065, 549.3796560394964
-80.48113156624255, -223.53286401877565
28.603261739667794, 557.5886239412862
-78.69743078793843, -223.85030892403344
31.721283722909128, 565.79279572014
-76.90783924094933, -224.15099787707362
34.838917125210486, 573.9923002261204
-75.11246876270538, -224.4348439020037
37.95615729874713, 582.18726114903
-73.31143223766779, -224.70175987059804
41.073000441468714, 590.3777972838419
-71.50484361892637, -224.95165850385823
44.18944351527679, 598.5640227798956
-69.69281795015054, -225.1844523738505
47.30548417199376, 606.7460473749716
-67.87547138789958, -225.40005390582888
50.421120686338384, 614.9239766152808
-66.05292122429815, -225.59837538065386
53.53635189520751, 623.097912062327
-64.22528591008293, -225.77932893751588
56.651177142638495, 631.2679514875292
-62.392685078026254, -225.94282657697428
59.76559622989308, 639.4341890554282
-60.555239566742856, -226.08878016432183
62.87960937016234, 647.5967154962414
-58.71307144488564, -226.21710143328596
65.99321714744464, 655.7556182684716
-56.86630403573659, -226.3277019900779
69.10642047919464, 663.9109817122281
-55.01506194219879, -226.42049331780166
72.21922058238306, 672.0628871938663
-53.15947107219572, -226.4953867812345
75.33161894264332, 680.2114132425132
-51.299658664483765, -226.5522936319923
78.44361728621416, 688.3566356790008
-49.43575331488416, -226.59112501409226
81.55521755441639, 696.4986277376955
-47.5678850029403, -226.6117919699266
84.66642188042805, 704.6374601816755
-45.696185119006515, -226.61420544666163
87.77723256814573, 712.7732014116746
-43.820786491774314, -226.5982763030764
90.88765207294031, 720.9059175691859
-41.94182341624206, -226.56391531685608
93.99768298413423, 729.0356726340863
-40.05943168213406, -226.5110331923558
97.10732800904432, 737.1625285171199
-38.17374860277488, -226.43954056885107
100.21658995844884, 745.2865451475567
-36.284913044424705, -226.34934802929146
103.32547173335091, 753.4077805563174
-34.39306545608157, -226.24036610957495
106.433976312923, 761.526290954839
-32.49834789975595, -226.1125053083609
109.5421067435274, 769.6421308099349
-30.600904081223337, -225.96567609744034
112.64986612871789, 777.7553529148865
-28.70087938126026, -225.79978893268236
115.75725762013634, 785.8660084569898
-26.798420887368884, -225.6147542655773
118.86428440922604, 793.9741470817605
-24.893677425995442, -225.41048255539656
121.97094971969064, 802.0798169539946
-22.986799595247412, -225.18688428199076
125.07725680063412, 810.1830648158618
-21.07793979811418, -224.94386995924822
128.183208920323, 818.2839360422026
-19.167252276195796, -224.68135014923652
131.2888093605174, 826.382474693186
-17.254893143944123, -224.39923547705075
134.39406141132184, 834.478723564476
-15.341020423420439, -224.09743664639282
137.49896836651195, 842.5727242350449
-13.425794079573349, -223.77586445590694
140.60353351929618, 850.664517112764
-11.50937605604044, -223.43442981629752
143.70776015847568, 858.754141477892
-9.591930311476899, -223.0730437682563
146.81165156496874, 866.8416355245757
-7.673622856413877, -222.69161750122635
149.91521100866882, 874.927036400471
-5.754621790649036, -222.2900623730321
153.01844174560824, 883.0103802445816
-3.835097341171296, -221.86828993040467
156.12134701540168, 891.0917022234132
-1.9152219006213078, -221.42621193043337
159.2239300389459, 899.1710365655299
0.004829933711252066, -220.96374036297505
162.32619401635435, 907.2484165945954
1.9248813203530515, -220.4807874740538
165.42814212510697, 915.3238747609794
3.8447531335751535, -219.97726579028506
168.52977751839677, 923.3974426720014
5.764263922784395, -219.45308814435836
171.63110332365713, 931.4691511208812
7.683229871379381, -218.90816770161553
174.7321226412544, 939.5390301144622
9.601464755073092, -218.3424179877604
177.83283854333195, 947.6071088997688
11.518779899684858, -217.75575291773904
180.93325407279298, 955.6734159894553
13.434984138405234, -217.14808682582935
184.03337224241034, 963.7379791862019
15.349883768538213, -216.51933449698097
187.13319603405267, 971.8008256061089
17.263282507726075, -215.86941119944714
190.23272839801695, 979.8619817011383
19.17498144966322, -215.19823271875183
193.33197225245848, 987.9214732806478
21.08477901930631, -214.50571539303618
196.43093048290996, 995.9793255320612
22.992470927589192, -213.79177614983053
199.52960594188198, 1004.0355630407178
24.897850125652287, -213.05633254429839
202.62800144853796, 1012.0902098089359
26.800706758597332, -212.29930279900142
205.72611978843705, 1020.1432892743317
28.700828118779746, -211.52060584523485
208.8239637133391, 1028.1948243274242
30.59799859865232, -210.72016136598467
211.92153594106625, 1036.2448373285624
32.4919996431754, -209.89788984055915
215.01883915541595, 1044.293350124203
34.38260970181039, -209.05371259094906
218.11587600612106, 1052.3403840625706
36.26960418011511, -208.18755182997177
221.21264910885262, 1060.3859600087264
38.15275539096125, -207.29933071125646
224.30916104526136, 1068.4300983590738
40.03183250539623, -206.38897338112915
227.40541436305452, 1076.4728190553237
41.906601503173704, -205.45640503245724
230.50141157610435, 1084.5141415979463
43.776825122978984, -204.50155196051546
233.59715516458576, 1092.5540850591287
45.64226281237826, -203.52434162093599
236.6926475751397, 1100.592668095263
47.502670677522474, -202.5247026898077
239.78789122106025, 1108.6299089589822
49.357801432639484, -201.50256512599043
242.88288848250264, 1116.6658255107675
51.20740434935084, -200.45786023571188
245.97764170671022, 1124.7004352301399
53.051225205852084, -199.39052073951646
249.07215320825844, 1132.733755226459
54.88900623599873, -198.3004808416367
252.1664252693137, 1140.7658022493413
56.72048607834299, -197.18767630185917
255.2604601399057, 1148.7965926987183
58.545399725169716, -196.05204450995873
258.3542600382115, 1156.8261426345448
60.36347847158349, -194.89352456277584
261.44782715085023, 1164.8544677861748
62.17444986470232, -193.71205734401354
264.5411636331863, 1172.881583561419
63.978037653017395, -192.50758560683153
267.6342716096408, 1180.9075050552938
65.77396173598234, -191.28005405931648
270.7271531740099, 1188.9322470584787
67.56193811389942, -190.02940945290882
273.81981038978836, 1196.9558240654897
69.34167883817493, -188.7556006738671
276.9122452904983, 1204.9782502825833
71.11289196202047, -187.45857883785246
280.0044598800216, 1212.9995396353993
72.87528149168146, -186.13829738771668
283.0964561329357, 1221.019705776355
74.6285473382799, -184.79471219457767
286.1882359948516, 1229.0387620917988
76.3723852703631, -183.42778166226782
289.27980138275376, 1237.0567217089335
78.10648686725617, -182.0374668352404
292.37115418534125, 1245.0735975025182
79.8305394733216, -180.62373151002024
295.4622962633693, 1253.0894021013569
81.54422615323547, -179.1865423502851
298.5532294499912, 1261.1041478945833
83.24722564839624, -177.72586900566398
301.64395555109996, 1269.117847037747
84.93921233458848, -176.24168423433906
304.7344763456689, 1277.130511458712
86.61985618103103, -174.7339640295372
307.8247935860916, 1285.1421528633712
88.28882271094625, -173.2026877499967
310.91490899852005, 1293.1527827411874
89.94577296379424, -171.64783825449425
314.00482428320146, 1301.1624123705635
91.59036345932398, -170.06940204051554
317.0945411148126, 1309.1710528240515
93.22224616360121, -168.46736938715236
320.1840611427926, 1317.1787149734032
94.84106845718122, -166.84173450230662
323.2733859916725, 1325.1854094944722
96.44647310560345, -165.19249567428017
326.3625172614029, 1333.1911468719693
98.03809823239366, -163.51965542782656
329.45145652767826, 1341.1959374040773
99.61557729476878, -161.82322068473826
332.5402053422587, 1349.1997912069323
101.17853906224873, -160.1032029290392
335.6287652332883, 1357.2027182189736
102.7266075983899, -158.35961837684954
338.7171377056107, 1365.2047282051687
104.25940224586456, -156.5924881509838
341.8053242410811, 1373.2058307611176
105.77653761512097, -154.80183846034055
344.8933262988748, 1381.206035317039
107.27762357686984, -152.98770078413472
347.98114531579273, 1389.2053511416461
108.76226525865337, -151.15011206101838
351.06878270656324, 1397.2037873459115
110.23006304576431, -149.28911488312914
354.1562398641404, 1405.2013528867285
111.68061258679398, -147.4047576950974
357.24351815999887, 1413.1980565704719
113.11350480409948, -145.49709499803575
360.3306189444252, 1421.1939070564586
114.52832590949225, -143.566187558525
363.4175435468057, 1429.1889128603168
115.9246574254619, -141.61210262260087
366.5042932759103, 1437.183082357262
117.30207621226113, -139.63491413473503
369.59086942017365, 1445.176423785286
118.66015450118978, -137.63470296179244
372.67727324797204, 1453.1689452482606
119.99845993442803, -135.6115571219341
375.76350600789715, 1461.160654718959
121.31655561178079, -133.56557201842037
378.84956892902636, 1469.1515600419984
122.61400014470748, -131.49685067825538
381.93546322118954, 1477.1416689367056
123.89034771802316, -129.40550399559723
385.0211900752326, 1485.130988999908
125.14514815966879, -127.29165097984063
388.1067506632777, 1493.119527708653
126.37794701895966, -125.15541900826119
391.1921461389801, 1501.10729242286
127.58828565373254, -122.99694408308997
394.2773776377821, 1509.0942903879013
128.77570132682243, -120.81637109286604
397.3624462771636, 1517.0805287371234
129.93972731231034, -118.61385407789246
400.4473531568898, 1525.0660144943004
131.0798930119928, -116.38955649959676
403.5320993592558, 1533.0507545760304
132.1957240825333, -114.14365151357185
406.6166859493285, 1541.034755794072
133.28674257376346, -111.87632224604607
409.7011139751853, 1549.0180248576232
134.35246707860904, -109.58776207350299
412.7853844681508, 1557.0005683755462
135.39241289512236, -107.278174905141
415.8694984430302, 1564.982392858539
136.4060922011073, -104.9477754678316